1780143154401 0.1357212296128273 1
1780143156874 0.05430903282016516 2
1780143159443 0.024317112965509296 3
1780143161765 0.014192192275077104 4
1780143164510 0.010103263310156763 5
1780143166904 0.008341838247142732 6
1780143169478 0.007375436380971223 7
1780143171947 0.0068393845204263925 8
1780143174412 0.006403781350236386 9
1780143177221 0.0062626617902424185 10
1780143179769 0.006188495573587716 11
1780143182169 0.005887474336195737 12
1780143184665 0.005775457617128268 13
1780143187235 0.005677267316495999 14
1780143190092 0.005625761746196076 15
1780143192890 0.005575215619755909 16
1780143195476 0.005575753459706903 17
1780143198186 0.00549121085961815 18
1780143200890 0.005434557510307058 19
1780143203538 0.005378043444943614 20
1780143206185 0.005335401992197148 21
1780143208986 0.005319490095134824 22
1780143211589 0.005300745295826346 23
1780143214023 0.005281702248612419 24
1780143216492 0.005264175322372467 25
1780143219441 0.0052485774963861335 26
1780143222239 0.00524746896349825 27
1780143225054 0.0052118514059111476 28
1780143227870 0.00521890222618822 29
1780143230598 0.005192474121577107 30
1780143233463 0.00517068310524337 31
1780143236300 0.005179349274258129 32
1780143238921 0.005157753392704762 33
1780143241518 0.0051427783601684495 34
1780143244091 0.005145242749131284 35
1780143246776 0.0051293747668387365 36
1780143249410 0.005153775667422451 37
1780143252219 0.005145004207734018 38
1780143254989 0.005115902852849103 39
1780143258125 0.005126833777758293 40
