1780143550614 5.0 1
1780143556652 5.0 2
1780143562657 5.0 3
1780143568687 5.0 4
1780143574720 5.0 5
1780143580747 5.0 6
1780143586864 5.0 7
1780143593081 5.0 8
1780143603622 10.0 9
1780143614150 10.0 10
1780143624763 10.0 11
1780143635323 10.0 12
1780143645889 10.0 13
1780143656603 10.0 14
1780143667355 10.0 15
1780143677991 10.0 16
1780143693093 15.0 17
1780143708203 15.0 18
1780143723375 15.0 19
1780143738641 15.0 20
1780143753859 15.0 21
1780143769053 15.0 22
1780143784353 15.0 23
1780143799764 15.0 24
1780143815152 15.0 25
1780143830571 15.0 26
1780143846004 15.0 27
1780143861427 15.0 28
1780143876863 15.0 29
1780143892299 15.0 30
1780143907739 15.0 31
1780143923451 15.0 32
1780143947428 15.0 33
1780143977735 15.0 34
1780144008050 15.0 35
1780144038394 15.0 36
1780144069889 15.0 37
1780144101111 15.0 38
1780144132503 15.0 39
1780144164220 15.0 40
