1780143550614 1.1053211314231157 1
1780143556652 0.7948829746246338 2
1780143562657 0.759829085804522 3
1780143568687 0.7369070615433156 4
1780143574720 0.7164206701889634 5
1780143580747 0.70091830432415 6
1780143586864 0.6923749803751708 7
1780143593081 0.6889080280810594 8
1780143603622 0.6507045428454876 9
1780143614150 0.6526084865629673 10
1780143624763 0.6428845454752445 11
1780143635323 0.640043694600463 12
1780143645889 0.6307771295309067 13
1780143656603 0.6251735366135835 14
1780143667355 0.6271411516331136 15
1780143677991 0.6255495054274798 16
1780143693093 0.626133836582303 17
1780143708203 0.6296335322782397 18
1780143723375 0.6217692041583359 19
1780143738641 0.6177563539147377 20
1780143753859 0.6207592483796179 21
1780143769053 0.611025762706995 22
1780143784353 0.6081198909878731 23
1780143799764 0.6100901947170496 24
1780143815152 0.6061015058495104 25
1780143830571 0.6023263223469257 26
1780143846004 0.6049175261892379 27
1780143861427 0.6014075300842524 28
1780143876863 0.6016318742185831 29
1780143892299 0.5990362610667944 30
1780143907739 0.5949369944632054 31
1780143923451 0.5950052315741777 32
1780143947428 0.5950751887075603 33
1780143977735 0.5934627789258957 34
1780144008050 0.5938629522174597 35
1780144038394 0.5925866922549904 36
1780144069889 0.5918856691755354 37
1780144101111 0.5920163013786077 38
1780144132503 0.5914438353478908 39
1780144164220 0.5913176035881043 40
