1779877081637 5.0 1
1779877085137 5.0 2
1779877088593 5.0 3
1779877091823 5.0 4
1779877095071 5.0 5
1779877098249 5.0 6
1779877101516 5.0 7
1779877104711 5.0 8
1779877110060 10.0 9
1779877115734 10.0 10
1779877121430 10.0 11
1779877126900 10.0 12
1779877132583 10.0 13
1779877138284 10.0 14
1779877143857 10.0 15
1779877149273 10.0 16
1779877156918 15.0 17
1779877164559 15.0 18
1779877172221 15.0 19
1779877179888 15.0 20
1779877187559 15.0 21
1779877195233 15.0 22
1779877202905 15.0 23
1779877210586 15.0 24
1779877218296 15.0 25
1779877225972 15.0 26
1779877233680 15.0 27
1779877241391 15.0 28
1779877249123 15.0 29
1779877256822 15.0 30
