1779877081637 1.130098866224289 1
1779877085137 0.9017751482129097 2
1779877088593 0.8409877753257752 3
1779877091823 0.8412374764680862 4
1779877095071 0.7920423945784569 5
1779877098249 0.798266031742096 6
1779877101516 0.7531724081933499 7
1779877104711 0.743933436870575 8
1779877110060 0.7497407105565072 9
1779877115734 0.7225139337778091 10
1779877121430 0.7252296286821366 11
1779877126900 0.7070294278860092 12
1779877132583 0.7089160236716271 13
1779877138284 0.6975616261363029 14
1779877143857 0.6922945258021355 15
1779877149273 0.682934679389 16
1779877156918 0.7067773732542991 17
1779877164559 0.6881106954813003 18
1779877172221 0.6838751518726349 19
1779877179888 0.6983757545799016 20
1779877187559 0.671030246913433 21
1779877195233 0.6693915814161301 22
1779877202905 0.6747563618421555 23
1779877210586 0.6742928560078144 24
1779877218296 0.6657604438066482 25
1779877225972 0.6644152447581291 26
1779877233680 0.6659418413043022 27
1779877241391 0.6620115473866462 28
1779877249123 0.6617523200064898 29
1779877256822 0.6611502194404602 30
