1780151297349 5.0 1
1780151313642 5.0 2
1780151329989 5.0 3
1780151346362 5.0 4
1780151362761 5.0 5
1780151379290 5.0 6
1780151396019 5.0 7
1780151412740 5.0 8
1780151429452 5.0 9
1780151446261 5.0 10
1780151462971 5.0 11
1780151479722 5.0 12
1780151509387 10.0 13
1780151539205 10.0 14
1780151569400 10.0 15
1780151599791 10.0 16
1780151630354 10.0 17
1780151661101 10.0 18
1780151692036 10.0 19
1780151722810 10.0 20
1780151753917 10.0 21
1780151785052 10.0 22
1780151816112 10.0 23
1780151847146 10.0 24
1780151878345 10.0 25
1780151909185 10.0 26
1780151940150 10.0 27
1780151971031 10.0 28
1780152001971 10.0 29
1780152033034 10.0 30
1780152077274 15.0 31
1780152121247 15.0 32
1780152165064 15.0 33
1780152208616 15.0 34
1780152252171 15.0 35
1780152295956 15.0 36
1780152339927 15.0 37
1780152384052 15.0 38
1780152428058 15.0 39
1780152472399 15.0 40
1780152516517 15.0 41
1780152560430 15.0 42
1780152605022 15.0 43
1780152649148 15.0 44
1780152693255 15.0 45
1780152737219 15.0 46
1780152781756 15.0 47
1780152826247 15.0 48
1780152870519 15.0 49
1780152914635 15.0 50
1780152959192 15.0 51
1780153004005 15.0 52
1780153048811 15.0 53
1780153093710 15.0 54
1780153138770 15.0 55
1780153183753 15.0 56
1780153228640 15.0 57
1780153273377 15.0 58
1780153317755 15.0 59
1780153362060 15.0 60
