1780151297349 0.3612695975601673 1
1780151313642 0.28015020452439787 2
1780151329989 0.2621689511090517 3
1780151346362 0.25667042650282385 4
1780151362761 0.2468862546980381 5
1780151379290 0.24193088717758657 6
1780151396019 0.24101847223937511 7
1780151412740 0.23897106997668743 8
1780151429452 0.23497879564762114 9
1780151446261 0.2345726292207837 10
1780151462971 0.2321726816892624 11
1780151479722 0.23138731487095357 12
1780151509387 0.220768685862422 13
1780151539205 0.2210777347534895 14
1780151569400 0.21945217199623585 15
1780151599791 0.21706645414233208 16
1780151630354 0.2184405730292201 17
1780151661101 0.21737334080040455 18
1780151692036 0.21741822101175784 19
1780151722810 0.2179646360129118 20
1780151753917 0.2145357731729746 21
1780151785052 0.21313671506941317 22
1780151816112 0.2121166369318962 23
1780151847146 0.21366126373410224 24
1780151878345 0.21037602819502355 25
1780151909185 0.21205626651644707 26
1780151940150 0.21241225771605968 27
1780151971031 0.21045818518847226 28
1780152001971 0.2109882467240095 29
1780152033034 0.21213564097881318 30
1780152077274 0.213754852861166 31
1780152121247 0.21130713783204555 32
1780152165064 0.2113408027589321 33
1780152208616 0.21148280218243598 34
1780152252171 0.21312497779726983 35
1780152295956 0.21055122502148152 36
1780152339927 0.210361839979887 37
1780152384052 0.2096305116266012 38
1780152428058 0.21081753142178059 39
1780152472399 0.21083263017237186 40
1780152516517 0.20914494305849074 41
1780152560430 0.20912542529404163 42
1780152605022 0.2090223654359579 43
1780152649148 0.20992026939988137 44
1780152693255 0.20874472878873349 45
1780152737219 0.20811133667826653 46
1780152781756 0.2081759900599718 47
1780152826247 0.20792738735675811 48
1780152870519 0.20822637222707271 49
1780152914635 0.20792562790215016 50
1780152959192 0.2077221768349409 51
1780153004005 0.20802332416176797 52
1780153048811 0.20763753831386567 53
1780153093710 0.20742098920047283 54
1780153138770 0.20738377988338472 55
1780153183753 0.2073815481364727 56
1780153228640 0.2073134645074606 57
1780153273377 0.20724971245974302 58
1780153317755 0.20721810832619666 59
1780153362060 0.20722428582608698 60
