1780144443029 0.1457707115262747 1
1780144447593 0.08455008652061224 2
1780144452229 0.0512312738224864 3
1780144456606 0.03299464179202914 4
1780144461415 0.022422185465693474 5
1780144465962 0.016602371875196694 6
1780144470488 0.013253680570051074 7
1780144475052 0.011101742484606802 8
1780144479703 0.009651432451792062 9
1780144484157 0.008708670060150326 10
1780144488768 0.008166395002044738 11
1780144493465 0.00782400238327682 12
1780144498033 0.007545467938762158 13
1780144502472 0.00728208817075938 14
1780144506933 0.007092296383343637 15
1780144511331 0.006892190992366523 16
1780144515961 0.006759733771905303 17
1780144520443 0.006563311549834907 18
1780144524912 0.006472104503773153 19
1780144529283 0.006334613226354122 20
1780144534021 0.006239944694098085 21
1780144538639 0.006161895310506225 22
1780144543042 0.0061340525618288665 23
1780144547616 0.006099425415741279 24
1780144552052 0.006019589924253523 25
1780144556662 0.005972237375099212 26
1780144561232 0.005919281919486821 27
1780144565543 0.005896711507812142 28
1780144570008 0.005835916966898367 29
1780144574456 0.005818772522034123 30
1780144579049 0.005788924264488742 31
1780144583605 0.005773957726778463 32
1780144588202 0.005723847644403577 33
1780144592550 0.0057162351231090725 34
1780144596793 0.005725948497420177 35
1780144601491 0.005690623205155134 36
1780144605852 0.0056326850317418575 37
1780144610289 0.005643580654868856 38
1780144614607 0.005649349689483643 39
1780144619068 0.005633704172214493 40
1780144624055 0.005591695633484051 41
1780144627995 0.005574222495779395 42
1780144631822 0.005569073988590389 43
1780144635606 0.005542139114113525 44
1780144639739 0.0055777263967320325 45
1780144643255 0.005531439482001588 46
1780144646910 0.005538527080789208 47
1780144650509 0.005517571818782017 48
1780144653975 0.005500310994684696 49
1780144657530 0.005477074822410941 50
