1780143315287 0.07794803463853896 1
1780143318058 0.010932815931737424 2
1780143320741 0.006961097405292094 3
1780143323479 0.006115864001912996 4
1780143326148 0.005683399774134159 5
1780143328837 0.005505568344960921 6
1780143331602 0.005427170227048919 7
1780143334443 0.005349745101411827 8
1780143337244 0.005305887114373036 9
1780143340045 0.005313459454337135 10
1780143342948 0.0051502368948422375 11
1780143345789 0.005122542500321288 12
1780143348742 0.0051583111070794985 13
1780143351576 0.005136047224223148 14
1780143354414 0.005085024200379849 15
1780143357329 0.005124547236191574 16
1780143360153 0.005098576556483749 17
1780143362971 0.005050338146393187 18
1780143365901 0.005049999354523607 19
1780143368816 0.005050472155562602 20
1780143371719 0.005049553537683096 21
1780143374663 0.005011725179501809 22
1780143377589 0.0050019913673168045 23
1780143380492 0.005017254817066714 24
1780143383404 0.004996890733018518 25
1780143386391 0.005004218788235449 26
1780143389358 0.00499626255244948 27
1780143392200 0.005002982897858601 28
1780143395180 0.004978068113268818 29
1780143398081 0.004976975334138842 30
1780143401067 0.004971111569320783 31
1780143404181 0.0049524223298067225 32
1780143407297 0.0049622191209346056 33
1780143410387 0.004946907139383256 34
1780143413553 0.004974000731890555 35
