1780143943158 5.0 1
1780143955962 5.0 2
1780143969564 5.0 3
1780143982419 5.0 4
1780143995802 5.0 5
1780144008603 5.0 6
1780144021906 5.0 7
1780144035148 5.0 8
1780144057473 10.0 9
1780144079829 10.0 10
1780144102220 10.0 11
1780144125045 10.0 12
1780144147364 10.0 13
1780144167210 10.0 14
1780144178483 10.0 15
1780144189760 10.0 16
1780144205746 15.0 17
1780144221696 15.0 18
1780144237763 15.0 19
1780144253896 15.0 20
1780144269808 15.0 21
1780144285775 15.0 22
1780144301791 15.0 23
1780144317811 15.0 24
1780144333751 15.0 25
1780144349751 15.0 26
1780144365708 15.0 27
1780144381682 15.0 28
1780144397695 15.0 29
1780144413714 15.0 30
1780144429758 15.0 31
1780144448723 15.0 32
1780144470337 15.0 33
1780144492119 15.0 34
1780144513786 15.0 35
1780144535500 15.0 36
1780144557072 15.0 37
1780144579023 15.0 38
1780144601135 15.0 39
1780144623142 15.0 40
