1780143943158 1.2792370471730827 1
1780143955962 0.8008145618438721 2
1780143969564 0.7960482659935951 3
1780143982419 0.7446973326802254 4
1780143995802 0.7222083135694265 5
1780144008603 0.7149551664292813 6
1780144021906 0.6945461873710156 7
1780144035148 0.6972803831100464 8
1780144057473 0.6613720874488354 9
1780144079829 0.6590899825841189 10
1780144102220 0.6661065538227559 11
1780144125045 0.6398321510851384 12
1780144147364 0.6387799657136202 13
1780144167210 0.6329648842662573 14
1780144178483 0.6297191742807626 15
1780144189760 0.6288922461122275 16
1780144205746 0.6397772459685802 17
1780144221696 0.6372262308746577 18
1780144237763 0.6267203978449106 19
1780144253896 0.6303604189306498 20
1780144269808 0.629189665094018 21
1780144285775 0.6203125037997961 22
1780144301791 0.6197749350219965 23
1780144317811 0.6156313854455948 24
1780144333751 0.6143375666439533 25
1780144349751 0.6124710747599602 26
1780144365708 0.6126596015691758 27
1780144381682 0.6103511777892708 28
1780144397695 0.6082026510126889 29
1780144413714 0.6066127842664719 30
1780144429758 0.6058923902176321 31
1780144448723 0.6041317816823721 32
1780144470337 0.6038255496323108 33
1780144492119 0.6026223792880774 34
1780144513786 0.6027112950757146 35
1780144535500 0.6021540334075689 36
1780144557072 0.6013273909687996 37
1780144579023 0.6007929623872041 38
1780144601135 0.6004573252052069 39
1780144623142 0.6002269677817822 40
